pdf_path,page,page_width,page_height,text
E:\SCHEMATICai\samples\CP-1600-1699\CP-1600.pdf,1,612.0,792.0,
E:\SCHEMATICai\samples\CP-1600-1699\CP-1601.pdf,1,612.0,792.0,
E:\SCHEMATICai\samples\CP-1600-1699\CP-1601.pdf,2,612.0,792.0,
E:\SCHEMATICai\samples\CP-1600-1699\CP-1601.pdf,3,612.0,792.0,
E:\SCHEMATICai\samples\CP-1600-1699\CP-1601.pdf,4,612.0,792.0,
E:\SCHEMATICai\samples\CP-1600-1699\CP-1601.pdf,5,612.0,792.0,
E:\SCHEMATICai\samples\CP-1600-1699\CP-1601.pdf,6,612.0,792.0,
E:\SCHEMATICai\samples\CP-1600-1699\CP-1602.pdf,1,612.0,792.0,
E:\SCHEMATICai\samples\CP-1600-1699\CP-1602.pdf,2,612.0,792.0,
E:\SCHEMATICai\samples\CP-1600-1699\CP-1602.pdf,3,612.0,792.0,
E:\SCHEMATICai\samples\CP-1600-1699\CP-1602.pdf,4,612.0,792.0,
E:\SCHEMATICai\samples\CP-1600-1699\CP-1602.pdf,5,612.0,792.0,
E:\SCHEMATICai\samples\CP-1600-1699\CP-1602.pdf,6,612.0,792.0,
E:\SCHEMATICai\samples\CP-1600-1699\CP-1603.pdf,1,612.0,792.0,
E:\SCHEMATICai\samples\CP-1600-1699\CP-1603.pdf,2,612.0,792.0,
E:\SCHEMATICai\samples\CP-1600-1699\CP-1603.pdf,3,612.0,792.0,
E:\SCHEMATICai\samples\CP-1600-1699\CP-1603.pdf,4,612.0,792.0,
E:\SCHEMATICai\samples\CP-1600-1699\CP-1603.pdf,5,612.0,792.0,
E:\SCHEMATICai\samples\CP-1600-1699\CP-1603.pdf,6,612.0,792.0,
E:\SCHEMATICai\samples\CP-1600-1699\CP-1604.pdf,1,612.0,792.0,
E:\SCHEMATICai\samples\CP-1600-1699\CP-1604.pdf,2,612.0,792.0,
E:\SCHEMATICai\samples\CP-1600-1699\CP-1604.pdf,3,612.0,792.0,
E:\SCHEMATICai\samples\CP-1600-1699\CP-1604.pdf,4,612.0,792.0,
E:\SCHEMATICai\samples\CP-1600-1699\CP-1604.pdf,5,612.0,792.0,
E:\SCHEMATICai\samples\CP-1600-1699\CP-1604.pdf,6,612.0,792.0,
E:\SCHEMATICai\samples\CP-1600-1699\CP-1605.pdf,1,612.0,792.0,
E:\SCHEMATICai\samples\CP-1600-1699\CP-1605.pdf,2,612.0,792.0,
E:\SCHEMATICai\samples\CP-1600-1699\CP-1605.pdf,3,612.0,792.0,
E:\SCHEMATICai\samples\CP-1600-1699\CP-1605.pdf,4,612.0,792.0,
E:\SCHEMATICai\samples\CP-1600-1699\CP-1605.pdf,5,612.0,792.0,
E:\SCHEMATICai\samples\CP-1600-1699\CP-1605.pdf,6,612.0,792.0,
E:\SCHEMATICai\samples\CP-1600-1699\CP-1606.pdf,1,612.0,792.0,
E:\SCHEMATICai\samples\CP-1600-1699\CP-1606.pdf,2,612.0,792.0,
E:\SCHEMATICai\samples\CP-1600-1699\CP-1606.pdf,3,612.0,792.0,
E:\SCHEMATICai\samples\CP-1600-1699\CP-1606.pdf,4,612.0,792.0,
E:\SCHEMATICai\samples\CP-1600-1699\CP-1606.pdf,5,612.0,792.0,
E:\SCHEMATICai\samples\CP-1600-1699\CP-1606.pdf,6,612.0,792.0,
E:\SCHEMATICai\samples\CP-1600-1699\CP-1607.pdf,1,612.0,792.0,
E:\SCHEMATICai\samples\CP-1600-1699\CP-1607.pdf,2,612.0,792.0,
E:\SCHEMATICai\samples\CP-1600-1699\CP-1607.pdf,3,612.0,792.0,
E:\SCHEMATICai\samples\CP-1600-1699\CP-1607.pdf,4,612.0,792.0,
E:\SCHEMATICai\samples\CP-1600-1699\CP-1607.pdf,5,612.0,792.0,
E:\SCHEMATICai\samples\CP-1600-1699\CP-1607.pdf,6,612.0,792.0,
E:\SCHEMATICai\samples\CP-1600-1699\CP-1607.pdf,7,612.0,792.0,
E:\SCHEMATICai\samples\CP-1600-1699\CP-1608.pdf,1,612.0,792.0,
E:\SCHEMATICai\samples\CP-1600-1699\CP-1608.pdf,2,612.0,792.0,
E:\SCHEMATICai\samples\CP-1600-1699\CP-1608.pdf,3,612.0,792.0,
E:\SCHEMATICai\samples\CP-1600-1699\CP-1608.pdf,4,612.0,792.0,
E:\SCHEMATICai\samples\CP-1600-1699\CP-1608.pdf,5,612.0,792.0,
E:\SCHEMATICai\samples\CP-1600-1699\CP-1608.pdf,6,612.0,792.0,
E:\SCHEMATICai\samples\CP-1600-1699\CP-1608.pdf,7,612.0,792.0,
E:\SCHEMATICai\samples\CP-1600-1699\CP-1608.pdf,8,612.0,792.0,
E:\SCHEMATICai\samples\CP-1600-1699\CP-1608.pdf,9,612.0,792.0,
E:\SCHEMATICai\samples\CP-1600-1699\CP-1608.pdf,10,612.0,792.0,
E:\SCHEMATICai\samples\CP-1600-1699\CP-1609.pdf,1,612.0,792.0,
E:\SCHEMATICai\samples\CP-1600-1699\CP-1609.pdf,2,612.0,792.0,
E:\SCHEMATICai\samples\CP-1600-1699\CP-1609.pdf,3,612.0,792.0,
E:\SCHEMATICai\samples\CP-1600-1699\CP-1609.pdf,4,612.0,792.0,
E:\SCHEMATICai\samples\CP-1600-1699\CP-1609.pdf,5,612.0,792.0,
E:\SCHEMATICai\samples\CP-1600-1699\CP-1609.pdf,6,612.0,792.0,
E:\SCHEMATICai\samples\CP-1600-1699\CP-1609.pdf,7,612.0,792.0,
E:\SCHEMATICai\samples\CP-1600-1699\CP-1610.pdf,1,612.0,792.0,
E:\SCHEMATICai\samples\CP-1600-1699\CP-1610.pdf,2,612.0,792.0,
E:\SCHEMATICai\samples\CP-1600-1699\CP-1610.pdf,3,612.0,792.0,
E:\SCHEMATICai\samples\CP-1600-1699\CP-1610.pdf,4,612.0,792.0,
E:\SCHEMATICai\samples\CP-1600-1699\CP-1610.pdf,5,612.0,792.0,
E:\SCHEMATICai\samples\CP-1600-1699\CP-1610.pdf,6,612.0,792.0,
E:\SCHEMATICai\samples\CP-1600-1699\CP-1610.pdf,7,612.0,792.0,
E:\SCHEMATICai\samples\CP-1600-1699\CP-1610.pdf,8,612.0,792.0,
E:\SCHEMATICai\samples\CP-1600-1699\CP-1611.pdf,1,612.0,792.0,
E:\SCHEMATICai\samples\CP-1600-1699\CP-1611.pdf,2,612.0,792.0,
E:\SCHEMATICai\samples\CP-1600-1699\CP-1611.pdf,3,612.0,792.0,
E:\SCHEMATICai\samples\CP-1600-1699\CP-1611.pdf,4,612.0,792.0,
E:\SCHEMATICai\samples\CP-1600-1699\CP-1611.pdf,5,612.0,792.0,
E:\SCHEMATICai\samples\CP-1600-1699\CP-1611.pdf,6,612.0,792.0,
E:\SCHEMATICai\samples\CP-1600-1699\CP-1611.pdf,7,612.0,792.0,
E:\SCHEMATICai\samples\CP-1600-1699\CP-1612.pdf,1,612.0,792.0,
E:\SCHEMATICai\samples\CP-1600-1699\CP-1612.pdf,2,612.0,792.0,
E:\SCHEMATICai\samples\CP-1600-1699\CP-1612.pdf,3,612.0,792.0,
E:\SCHEMATICai\samples\CP-1600-1699\CP-1612.pdf,4,612.0,792.0,
E:\SCHEMATICai\samples\CP-1600-1699\CP-1612.pdf,5,612.0,792.0,
E:\SCHEMATICai\samples\CP-1600-1699\CP-1612.pdf,6,612.0,792.0,
E:\SCHEMATICai\samples\CP-1600-1699\CP-1613.pdf,1,612.0,792.0,
E:\SCHEMATICai\samples\CP-1600-1699\CP-1613.pdf,2,612.0,792.0,
E:\SCHEMATICai\samples\CP-1600-1699\CP-1613.pdf,3,612.0,792.0,
E:\SCHEMATICai\samples\CP-1600-1699\CP-1613.pdf,4,612.0,792.0,
E:\SCHEMATICai\samples\CP-1600-1699\CP-1613.pdf,5,612.0,792.0,
E:\SCHEMATICai\samples\CP-1600-1699\CP-1614.pdf,1,612.0,792.0,
E:\SCHEMATICai\samples\CP-1600-1699\CP-1614.pdf,2,612.0,792.0,
E:\SCHEMATICai\samples\CP-1600-1699\CP-1614.pdf,3,612.0,792.0,
E:\SCHEMATICai\samples\CP-1600-1699\CP-1614.pdf,4,612.0,792.0,
E:\SCHEMATICai\samples\CP-1600-1699\CP-1614.pdf,5,612.0,792.0,
E:\SCHEMATICai\samples\CP-1600-1699\CP-1614.pdf,6,612.0,792.0,
E:\SCHEMATICai\samples\CP-1600-1699\CP-1614.pdf,7,612.0,792.0,
E:\SCHEMATICai\samples\CP-1600-1699\CP-1615.pdf,1,612.0,792.0,
E:\SCHEMATICai\samples\CP-1600-1699\CP-1615.pdf,2,612.0,792.0,
E:\SCHEMATICai\samples\CP-1600-1699\CP-1615.pdf,3,612.0,792.0,
E:\SCHEMATICai\samples\CP-1600-1699\CP-1615.pdf,4,612.0,792.0,
E:\SCHEMATICai\samples\CP-1600-1699\CP-1615.pdf,5,612.0,792.0,
E:\SCHEMATICai\samples\CP-1600-1699\CP-1616.pdf,1,612.0,792.0,
E:\SCHEMATICai\samples\CP-1600-1699\CP-1616.pdf,2,612.0,792.0,
E:\SCHEMATICai\samples\CP-1600-1699\CP-1616.pdf,3,612.0,792.0,
E:\SCHEMATICai\samples\CP-1600-1699\CP-1617.pdf,1,612.0,792.0,
E:\SCHEMATICai\samples\CP-1600-1699\CP-1618.pdf,1,612.0,792.0,
E:\SCHEMATICai\samples\CP-1600-1699\CP-1618.pdf,2,612.0,792.0,
E:\SCHEMATICai\samples\CP-1600-1699\CP-1618.pdf,3,612.0,792.0,
E:\SCHEMATICai\samples\CP-1600-1699\CP-1618.pdf,4,612.0,792.0,
E:\SCHEMATICai\samples\CP-1600-1699\CP-1618.pdf,5,612.0,792.0,
E:\SCHEMATICai\samples\CP-1600-1699\CP-1618.pdf,6,612.0,792.0,
E:\SCHEMATICai\samples\CP-1600-1699\CP-1618.pdf,7,612.0,792.0,
E:\SCHEMATICai\samples\CP-1600-1699\CP-1619.pdf,1,612.0,792.0,
E:\SCHEMATICai\samples\CP-1600-1699\CP-1619.pdf,2,612.0,792.0,
E:\SCHEMATICai\samples\CP-1600-1699\CP-1619.pdf,3,612.0,792.0,
E:\SCHEMATICai\samples\CP-1600-1699\CP-1619.pdf,4,612.0,792.0,
E:\SCHEMATICai\samples\CP-1600-1699\CP-1619.pdf,5,612.0,792.0,
E:\SCHEMATICai\samples\CP-1600-1699\CP-1619.pdf,6,612.0,792.0,
E:\SCHEMATICai\samples\CP-1600-1699\CP-1622 COMPLETE.pdf,1,612.0,792.0,
E:\SCHEMATICai\samples\CP-1600-1699\CP-1622 COMPLETE.pdf,2,612.0,792.0,
E:\SCHEMATICai\samples\CP-1600-1699\CP-1622 COMPLETE.pdf,3,612.0,792.0,
E:\SCHEMATICai\samples\CP-1600-1699\CP-1622 COMPLETE.pdf,4,612.0,792.0,
E:\SCHEMATICai\samples\CP-1600-1699\CP-1622 COMPLETE.pdf,5,612.0,792.0,
E:\SCHEMATICai\samples\CP-1600-1699\CP-1622 COMPLETE.pdf,6,612.0,792.0,
E:\SCHEMATICai\samples\CP-1600-1699\CP-1623.pdf,1,612.0,792.0,
E:\SCHEMATICai\samples\CP-1600-1699\CP-1623.pdf,2,612.0,792.0,
E:\SCHEMATICai\samples\CP-1600-1699\CP-1623.pdf,3,612.0,792.0,
E:\SCHEMATICai\samples\CP-1600-1699\CP-1623.pdf,4,612.0,792.0,
E:\SCHEMATICai\samples\CP-1600-1699\CP-1623.pdf,5,612.0,792.0,
E:\SCHEMATICai\samples\CP-1600-1699\CP-1623.pdf,6,612.0,792.0,
E:\SCHEMATICai\samples\CP-1600-1699\CP-1624.pdf,1,612.0,792.0,
E:\SCHEMATICai\samples\CP-1600-1699\CP-1624.pdf,2,612.0,792.0,
E:\SCHEMATICai\samples\CP-1600-1699\CP-1624.pdf,3,612.0,792.0,
E:\SCHEMATICai\samples\CP-1600-1699\CP-1624.pdf,4,612.0,792.0,
E:\SCHEMATICai\samples\CP-1600-1699\CP-1624.pdf,5,612.0,792.0,
E:\SCHEMATICai\samples\CP-1600-1699\CP-1624.pdf,6,612.0,792.0,
E:\SCHEMATICai\samples\CP-1600-1699\CP-1625.pdf,1,612.0,792.0,
E:\SCHEMATICai\samples\CP-1600-1699\CP-1625.pdf,2,612.0,792.0,
E:\SCHEMATICai\samples\CP-1600-1699\CP-1625.pdf,3,612.0,792.0,
E:\SCHEMATICai\samples\CP-1600-1699\CP-1625.pdf,4,612.0,792.0,
E:\SCHEMATICai\samples\CP-1600-1699\CP-1625.pdf,5,612.0,792.0,
E:\SCHEMATICai\samples\CP-1600-1699\CP-1625.pdf,6,612.0,792.0,
E:\SCHEMATICai\samples\CP-1600-1699\CP-1628 COMPLETE.pdf,1,612.0,792.0,
E:\SCHEMATICai\samples\CP-1600-1699\CP-1628 COMPLETE.pdf,2,612.0,792.0,
E:\SCHEMATICai\samples\CP-1600-1699\CP-1628 COMPLETE.pdf,3,612.0,792.0,
E:\SCHEMATICai\samples\CP-1600-1699\CP-1628 COMPLETE.pdf,4,612.0,792.0,
E:\SCHEMATICai\samples\CP-1600-1699\CP-1629.pdf,1,612.0,792.0,
E:\SCHEMATICai\samples\CP-1600-1699\CP-1629.pdf,2,612.0,792.0,
E:\SCHEMATICai\samples\CP-1600-1699\CP-1629.pdf,3,612.0,792.0,
E:\SCHEMATICai\samples\CP-1600-1699\CP-1629.pdf,4,612.0,792.0,
E:\SCHEMATICai\samples\CP-1600-1699\cp-1630.pdf,1,612.0,792.0,
E:\SCHEMATICai\samples\CP-1600-1699\cp-1630.pdf,2,612.0,792.0,
E:\SCHEMATICai\samples\CP-1600-1699\cp-1630.pdf,3,612.0,792.0,
E:\SCHEMATICai\samples\CP-1600-1699\cp-1630.pdf,4,612.0,792.0,
E:\SCHEMATICai\samples\CP-1600-1699\cp-1630.pdf,5,612.0,792.0,
E:\SCHEMATICai\samples\CP-1600-1699\cp-1630.pdf,6,612.0,792.0,
E:\SCHEMATICai\samples\CP-1600-1699\CP-1631.pdf,1,612.0,792.0,
E:\SCHEMATICai\samples\CP-1600-1699\CP-1631.pdf,2,612.0,792.0,
E:\SCHEMATICai\samples\CP-1600-1699\CP-1631.pdf,3,612.0,792.0,
E:\SCHEMATICai\samples\CP-1600-1699\CP-1631.pdf,4,612.0,792.0,
E:\SCHEMATICai\samples\CP-1600-1699\CP-1631.pdf,5,612.0,792.0,
E:\SCHEMATICai\samples\CP-1600-1699\CP-1631.pdf,6,612.0,792.0,
E:\SCHEMATICai\samples\CP-1600-1699\CP-1632.pdf,1,612.0,792.0,
E:\SCHEMATICai\samples\CP-1600-1699\CP-1632.pdf,2,612.0,792.0,
E:\SCHEMATICai\samples\CP-1600-1699\CP-1632.pdf,3,612.0,792.0,
E:\SCHEMATICai\samples\CP-1600-1699\CP-1632.pdf,4,612.0,792.0,
E:\SCHEMATICai\samples\CP-1600-1699\CP-1632.pdf,5,612.0,792.0,
E:\SCHEMATICai\samples\CP-1600-1699\CP-1632.pdf,6,612.0,792.0,
E:\SCHEMATICai\samples\CP-1600-1699\CP-1633.pdf,1,612.0,792.0,
E:\SCHEMATICai\samples\CP-1600-1699\CP-1633.pdf,2,612.0,792.0,
E:\SCHEMATICai\samples\CP-1600-1699\CP-1633.pdf,3,612.0,792.0,
E:\SCHEMATICai\samples\CP-1600-1699\CP-1633.pdf,4,612.0,792.0,
E:\SCHEMATICai\samples\CP-1600-1699\CP-1633.pdf,5,612.0,792.0,
E:\SCHEMATICai\samples\CP-1600-1699\CP-1633.pdf,6,612.0,792.0,
E:\SCHEMATICai\samples\CP-1600-1699\CP-1634.pdf,1,612.0,792.0,
E:\SCHEMATICai\samples\CP-1600-1699\CP-1634.pdf,2,612.0,792.0,
E:\SCHEMATICai\samples\CP-1600-1699\CP-1634.pdf,3,612.0,792.0,
E:\SCHEMATICai\samples\CP-1600-1699\CP-1634.pdf,4,612.0,792.0,
E:\SCHEMATICai\samples\CP-1600-1699\CP-1634.pdf,5,612.0,792.0,
E:\SCHEMATICai\samples\CP-1600-1699\CP-1634.pdf,6,612.0,792.0,
E:\SCHEMATICai\samples\CP-1600-1699\CP-1634.pdf,7,612.0,792.0,
E:\SCHEMATICai\samples\CP-1600-1699\CP-1634.pdf,8,612.0,792.0,
E:\SCHEMATICai\samples\CP-1600-1699\CP-1634.pdf,9,612.0,792.0,
E:\SCHEMATICai\samples\CP-1600-1699\CP-1634.pdf,10,612.0,792.0,
E:\SCHEMATICai\samples\CP-1600-1699\CP-1634.pdf,11,612.0,792.0,
E:\SCHEMATICai\samples\CP-1600-1699\CP-1634.pdf,12,612.0,792.0,
E:\SCHEMATICai\samples\CP-1600-1699\CP-1634.pdf,13,612.0,792.0,
E:\SCHEMATICai\samples\CP-1600-1699\CP-1634.pdf,14,612.0,792.0,
E:\SCHEMATICai\samples\CP-1600-1699\CP-1634.pdf,15,612.0,792.0,
E:\SCHEMATICai\samples\CP-1600-1699\CP-1634.pdf,16,612.0,792.0,
E:\SCHEMATICai\samples\CP-1600-1699\CP-1634pg15.pdf,1,612.0,792.0,
E:\SCHEMATICai\samples\CP-1600-1699\CP-1634pg2.pdf,1,612.0,792.0,
E:\SCHEMATICai\samples\CP-1600-1699\CP-1634pg3.pdf,1,612.0,792.0,
E:\SCHEMATICai\samples\CP-1600-1699\CP-1635.pdf,1,612.0,792.0,
E:\SCHEMATICai\samples\CP-1600-1699\CP-1635.pdf,2,612.0,792.0,
E:\SCHEMATICai\samples\CP-1600-1699\CP-1635.pdf,3,612.0,792.0,
E:\SCHEMATICai\samples\CP-1600-1699\CP-1635.pdf,4,612.0,792.0,
E:\SCHEMATICai\samples\CP-1600-1699\CP-1635.pdf,5,612.0,792.0,
E:\SCHEMATICai\samples\CP-1600-1699\CP-1635.pdf,6,612.0,792.0,
E:\SCHEMATICai\samples\CP-1600-1699\CP-1635.pdf,7,612.0,792.0,
E:\SCHEMATICai\samples\CP-1600-1699\CP-1636-1PH.pdf,1,612.0,792.0,
E:\SCHEMATICai\samples\CP-1600-1699\CP-1636-1PH.pdf,2,612.0,792.0,
E:\SCHEMATICai\samples\CP-1600-1699\CP-1636-1PH.pdf,3,612.0,792.0,
E:\SCHEMATICai\samples\CP-1600-1699\CP-1636-1PH.pdf,4,612.0,792.0,
E:\SCHEMATICai\samples\CP-1600-1699\CP-1636-1PH.pdf,5,612.0,792.0,
E:\SCHEMATICai\samples\CP-1600-1699\CP-1636-1PH.pdf,6,612.0,792.0,
E:\SCHEMATICai\samples\CP-1600-1699\CP-1636-1PH.pdf,7,612.0,792.0,
E:\SCHEMATICai\samples\CP-1600-1699\CP-1636.pdf,1,612.0,792.0,
E:\SCHEMATICai\samples\CP-1600-1699\CP-1636.pdf,2,612.0,792.0,
E:\SCHEMATICai\samples\CP-1600-1699\CP-1636.pdf,3,612.0,792.0,
E:\SCHEMATICai\samples\CP-1600-1699\CP-1636.pdf,4,612.0,792.0,
E:\SCHEMATICai\samples\CP-1600-1699\CP-1636.pdf,5,612.0,792.0,
E:\SCHEMATICai\samples\CP-1600-1699\CP-1636.pdf,6,612.0,792.0,
E:\SCHEMATICai\samples\CP-1600-1699\CP-1636.pdf,7,612.0,792.0,
E:\SCHEMATICai\samples\CP-1600-1699\CP-1637.pdf,1,612.0,792.0,
E:\SCHEMATICai\samples\CP-1600-1699\CP-1637.pdf,2,612.0,792.0,
E:\SCHEMATICai\samples\CP-1600-1699\CP-1637.pdf,3,612.0,792.0,
E:\SCHEMATICai\samples\CP-1600-1699\CP-1637.pdf,4,612.0,792.0,
E:\SCHEMATICai\samples\CP-1600-1699\CP-1637.pdf,5,612.0,792.0,
E:\SCHEMATICai\samples\CP-1600-1699\CP-1637.pdf,6,612.0,792.0,
E:\SCHEMATICai\samples\CP-1600-1699\CP-1637.pdf,7,612.0,792.0,
E:\SCHEMATICai\samples\CP-1600-1699\CP-1638.pdf,1,612.0,792.0,
E:\SCHEMATICai\samples\CP-1600-1699\CP-1638.pdf,2,612.0,792.0,
E:\SCHEMATICai\samples\CP-1600-1699\CP-1638.pdf,3,612.0,792.0,
E:\SCHEMATICai\samples\CP-1600-1699\CP-1638.pdf,4,612.0,792.0,
E:\SCHEMATICai\samples\CP-1600-1699\CP-1638.pdf,5,612.0,792.0,
E:\SCHEMATICai\samples\CP-1600-1699\CP-1638.pdf,6,612.0,792.0,
E:\SCHEMATICai\samples\CP-1600-1699\CP-1639.pdf,1,612.0,792.0,
E:\SCHEMATICai\samples\CP-1600-1699\CP-1640.pdf,1,612.0,792.0,
E:\SCHEMATICai\samples\CP-1600-1699\CP-1640.pdf,2,612.0,792.0,
E:\SCHEMATICai\samples\CP-1600-1699\CP-1640.pdf,3,612.0,792.0,
E:\SCHEMATICai\samples\CP-1600-1699\CP-1640.pdf,4,612.0,792.0,
E:\SCHEMATICai\samples\CP-1600-1699\CP-1640.pdf,5,612.0,792.0,
E:\SCHEMATICai\samples\CP-1600-1699\CP-1640.pdf,6,612.0,792.0,
E:\SCHEMATICai\samples\CP-1600-1699\CP-1641.pdf,1,612.0,792.0,
E:\SCHEMATICai\samples\CP-1600-1699\CP-1641.pdf,2,612.0,792.0,
E:\SCHEMATICai\samples\CP-1600-1699\CP-1642.pdf,1,612.0,792.0,
E:\SCHEMATICai\samples\CP-1600-1699\CP-1642.pdf,2,612.0,792.0,
E:\SCHEMATICai\samples\CP-1600-1699\CP-1642.pdf,3,612.0,792.0,
E:\SCHEMATICai\samples\CP-1600-1699\CP-1642.pdf,4,612.0,792.0,
E:\SCHEMATICai\samples\CP-1600-1699\CP-1642.pdf,5,612.0,792.0,
E:\SCHEMATICai\samples\CP-1600-1699\CP-1642.pdf,6,612.0,792.0,
E:\SCHEMATICai\samples\CP-1600-1699\CP-1643.pdf,1,612.0,792.0,
E:\SCHEMATICai\samples\CP-1600-1699\CP-1643.pdf,2,612.0,792.0,
E:\SCHEMATICai\samples\CP-1600-1699\CP-1643.pdf,3,612.0,792.0,
E:\SCHEMATICai\samples\CP-1600-1699\CP-1643.pdf,4,612.0,792.0,
E:\SCHEMATICai\samples\CP-1600-1699\CP-1643.pdf,5,612.0,792.0,
E:\SCHEMATICai\samples\CP-1600-1699\CP-1643.pdf,6,612.0,792.0,
E:\SCHEMATICai\samples\CP-1600-1699\CP-1645.pdf,1,612.0,792.0,
E:\SCHEMATICai\samples\CP-1600-1699\CP-1646.pdf,1,612.0,792.0,
E:\SCHEMATICai\samples\CP-1600-1699\CP-1646.pdf,2,612.0,792.0,
E:\SCHEMATICai\samples\CP-1600-1699\CP-1646.pdf,3,612.0,792.0,
E:\SCHEMATICai\samples\CP-1600-1699\CP-1647.pdf,1,612.0,792.0,
E:\SCHEMATICai\samples\CP-1600-1699\CP-1647.pdf,2,612.0,792.0,
E:\SCHEMATICai\samples\CP-1600-1699\CP-1647.pdf,3,612.0,792.0,
E:\SCHEMATICai\samples\CP-1600-1699\CP-1647.pdf,4,612.0,792.0,
E:\SCHEMATICai\samples\CP-1600-1699\CP-1647.pdf,5,612.0,792.0,
E:\SCHEMATICai\samples\CP-1600-1699\CP-1647.pdf,6,612.0,792.0,
E:\SCHEMATICai\samples\CP-1600-1699\CP-1648.pdf,1,612.0,792.0,
E:\SCHEMATICai\samples\CP-1600-1699\CP-1648.pdf,2,612.0,792.0,
E:\SCHEMATICai\samples\CP-1600-1699\CP-1648.pdf,3,612.0,792.0,
E:\SCHEMATICai\samples\CP-1600-1699\CP-1648.pdf,4,612.0,792.0,
E:\SCHEMATICai\samples\CP-1600-1699\CP-1648.pdf,5,612.0,792.0,
E:\SCHEMATICai\samples\CP-1600-1699\CP-1648.pdf,6,612.0,792.0,
E:\SCHEMATICai\samples\CP-1600-1699\CP-1648.pdf,7,612.0,792.0,
E:\SCHEMATICai\samples\CP-1600-1699\CP-1648A.pdf,1,612.0,792.0,
E:\SCHEMATICai\samples\CP-1600-1699\CP-1648A.pdf,2,612.0,792.0,
E:\SCHEMATICai\samples\CP-1600-1699\CP-1649 pdf.pdf,1,612.0,792.0,
E:\SCHEMATICai\samples\CP-1600-1699\CP-1649 pdf.pdf,2,612.0,792.0,
E:\SCHEMATICai\samples\CP-1600-1699\CP-1649 pdf.pdf,3,612.0,792.0,
E:\SCHEMATICai\samples\CP-1600-1699\CP-1649 pdf.pdf,4,612.0,792.0,
E:\SCHEMATICai\samples\CP-1600-1699\CP-1649 pdf.pdf,5,612.0,792.0,
E:\SCHEMATICai\samples\CP-1600-1699\CP-1649 pdf.pdf,6,612.0,792.0,
E:\SCHEMATICai\samples\CP-1600-1699\CP-1649 pdf.pdf,7,612.0,792.0,
E:\SCHEMATICai\samples\CP-1600-1699\CP-1649 pdf.pdf,8,612.0,792.0,
E:\SCHEMATICai\samples\CP-1600-1699\CP-1649 pdf.pdf,9,612.0,792.0,
E:\SCHEMATICai\samples\CP-1600-1699\CP-1649 pdf.pdf,10,612.0,792.0,
E:\SCHEMATICai\samples\CP-1600-1699\CP-1649 pdf.pdf,11,612.0,792.0,
E:\SCHEMATICai\samples\CP-1600-1699\CP-1649.pdf,1,612.0,792.0,
E:\SCHEMATICai\samples\CP-1600-1699\CP-1649.pdf,2,612.0,792.0,
E:\SCHEMATICai\samples\CP-1600-1699\CP-1649.pdf,3,612.0,792.0,
E:\SCHEMATICai\samples\CP-1600-1699\CP-1649.pdf,4,612.0,792.0,
E:\SCHEMATICai\samples\CP-1600-1699\CP-1649.pdf,5,612.0,792.0,
E:\SCHEMATICai\samples\CP-1600-1699\CP-1649.pdf,6,612.0,792.0,
E:\SCHEMATICai\samples\CP-1600-1699\CP-1649.pdf,7,612.0,792.0,
E:\SCHEMATICai\samples\CP-1600-1699\CP-1649.pdf,8,612.0,792.0,
E:\SCHEMATICai\samples\CP-1600-1699\CP-1649.pdf,9,612.0,792.0,
E:\SCHEMATICai\samples\CP-1600-1699\CP-1649.pdf,10,612.0,792.0,
E:\SCHEMATICai\samples\CP-1600-1699\CP-1649.pdf,11,612.0,792.0,
E:\SCHEMATICai\samples\CP-1600-1699\CP-1650 pdf.pdf,1,612.0,792.0,
E:\SCHEMATICai\samples\CP-1600-1699\CP-1650 pdf.pdf,2,612.0,792.0,
E:\SCHEMATICai\samples\CP-1600-1699\CP-1650 pdf.pdf,3,612.0,792.0,
E:\SCHEMATICai\samples\CP-1600-1699\CP-1650 pdf.pdf,4,612.0,792.0,
E:\SCHEMATICai\samples\CP-1600-1699\CP-1650 pdf.pdf,5,612.0,792.0,
E:\SCHEMATICai\samples\CP-1600-1699\CP-1650 pdf.pdf,6,612.0,792.0,
E:\SCHEMATICai\samples\CP-1600-1699\CP-1650 pdf.pdf,7,612.0,792.0,
E:\SCHEMATICai\samples\CP-1600-1699\CP-1650.pdf,1,612.0,792.0,
E:\SCHEMATICai\samples\CP-1600-1699\CP-1650.pdf,2,612.0,792.0,
E:\SCHEMATICai\samples\CP-1600-1699\CP-1650.pdf,3,612.0,792.0,
E:\SCHEMATICai\samples\CP-1600-1699\CP-1650.pdf,4,612.0,792.0,
E:\SCHEMATICai\samples\CP-1600-1699\CP-1650.pdf,5,612.0,792.0,
E:\SCHEMATICai\samples\CP-1600-1699\CP-1650.pdf,6,612.0,792.0,
E:\SCHEMATICai\samples\CP-1600-1699\CP-1650.pdf,7,612.0,792.0,
E:\SCHEMATICai\samples\CP-1600-1699\CP-1651.pdf,1,612.0,792.0,
E:\SCHEMATICai\samples\CP-1600-1699\CP-1651.pdf,2,612.0,792.0,
E:\SCHEMATICai\samples\CP-1600-1699\CP-1651.pdf,3,612.0,792.0,
E:\SCHEMATICai\samples\CP-1600-1699\CP-1651.pdf,4,612.0,792.0,
E:\SCHEMATICai\samples\CP-1600-1699\CP-1651.pdf,5,612.0,792.0,
E:\SCHEMATICai\samples\CP-1600-1699\CP-1652.pdf,1,612.0,792.0,
E:\SCHEMATICai\samples\CP-1600-1699\CP-1652.pdf,2,612.0,792.0,
E:\SCHEMATICai\samples\CP-1600-1699\CP-1652.pdf,3,612.0,792.0,
E:\SCHEMATICai\samples\CP-1600-1699\CP-1652.pdf,4,612.0,792.0,
E:\SCHEMATICai\samples\CP-1600-1699\CP-1652.pdf,5,612.0,792.0,
E:\SCHEMATICai\samples\CP-1600-1699\CP-1652.pdf,6,612.0,792.0,
E:\SCHEMATICai\samples\CP-1600-1699\CP-1652.pdf,7,612.0,792.0,
E:\SCHEMATICai\samples\CP-1600-1699\CP-1654.pdf,1,612.0,792.0,
E:\SCHEMATICai\samples\CP-1600-1699\CP-1654.pdf,2,612.0,792.0,
E:\SCHEMATICai\samples\CP-1600-1699\CP-1654.pdf,3,612.0,792.0,
E:\SCHEMATICai\samples\CP-1600-1699\CP-1654.pdf,4,612.0,792.0,
E:\SCHEMATICai\samples\CP-1600-1699\CP-1654.pdf,5,612.0,792.0,
E:\SCHEMATICai\samples\CP-1600-1699\CP-1654.pdf,6,612.0,792.0,
E:\SCHEMATICai\samples\CP-1600-1699\CP-1655.pdf,1,612.0,792.0,
E:\SCHEMATICai\samples\CP-1600-1699\CP-1656.pdf,1,612.0,792.0,
E:\SCHEMATICai\samples\CP-1600-1699\CP-1656.pdf,2,612.0,792.0,
E:\SCHEMATICai\samples\CP-1600-1699\CP-1656.pdf,3,612.0,792.0,
E:\SCHEMATICai\samples\CP-1600-1699\CP-1656.pdf,4,612.0,792.0,
E:\SCHEMATICai\samples\CP-1600-1699\CP-1656.pdf,5,612.0,792.0,
E:\SCHEMATICai\samples\CP-1600-1699\CP-1656.pdf,6,612.0,792.0,
E:\SCHEMATICai\samples\CP-1600-1699\CP-1656.pdf,7,612.0,792.0,
E:\SCHEMATICai\samples\CP-1600-1699\CP-1657.pdf,1,612.0,792.0,
E:\SCHEMATICai\samples\CP-1600-1699\CP-1657.pdf,2,612.0,792.0,
E:\SCHEMATICai\samples\CP-1600-1699\CP-1657.pdf,3,612.0,792.0,
E:\SCHEMATICai\samples\CP-1600-1699\CP-1657.pdf,4,612.0,792.0,
E:\SCHEMATICai\samples\CP-1600-1699\CP-1657.pdf,5,612.0,792.0,
E:\SCHEMATICai\samples\CP-1600-1699\CP-1657.pdf,6,612.0,792.0,
E:\SCHEMATICai\samples\CP-1600-1699\CP-1657.pdf,7,612.0,792.0,
E:\SCHEMATICai\samples\CP-1600-1699\CP-1658 !.pdf,1,612.0,792.0,
E:\SCHEMATICai\samples\CP-1600-1699\cp-1658va.pdf,1,612.0,792.0,
E:\SCHEMATICai\samples\CP-1600-1699\cp-1658va.pdf,2,612.0,792.0,
E:\SCHEMATICai\samples\CP-1600-1699\CP-1659.pdf,1,612.0,792.0,
E:\SCHEMATICai\samples\CP-1600-1699\CP-1659.pdf,2,612.0,792.0,
E:\SCHEMATICai\samples\CP-1600-1699\CP-1659.pdf,3,612.0,792.0,
E:\SCHEMATICai\samples\CP-1600-1699\CP-1659.pdf,4,612.0,792.0,
E:\SCHEMATICai\samples\CP-1600-1699\CP-1659.pdf,5,612.0,792.0,
E:\SCHEMATICai\samples\CP-1600-1699\CP-1659.pdf,6,612.0,792.0,
E:\SCHEMATICai\samples\CP-1600-1699\CP-1660.pdf,1,612.0,792.0,
E:\SCHEMATICai\samples\CP-1600-1699\CP-1660.pdf,2,612.0,792.0,
E:\SCHEMATICai\samples\CP-1600-1699\CP-1660.pdf,3,612.0,792.0,
E:\SCHEMATICai\samples\CP-1600-1699\CP-1660.pdf,4,612.0,792.0,
E:\SCHEMATICai\samples\CP-1600-1699\CP-1660.pdf,5,612.0,792.0,
E:\SCHEMATICai\samples\CP-1600-1699\CP-1660.pdf,6,612.0,792.0,
E:\SCHEMATICai\samples\CP-1600-1699\CP-1660.pdf,7,612.0,792.0,
E:\SCHEMATICai\samples\CP-1600-1699\CP-1663 INFO.pdf,1,612.0,792.0,
E:\SCHEMATICai\samples\CP-1600-1699\CP-1663.pdf,1,612.0,792.0,
E:\SCHEMATICai\samples\CP-1600-1699\CP-1664.pdf,1,612.0,792.0,
E:\SCHEMATICai\samples\CP-1600-1699\CP-1664.pdf,2,612.0,792.0,
E:\SCHEMATICai\samples\CP-1600-1699\CP-1664.pdf,3,612.0,792.0,
E:\SCHEMATICai\samples\CP-1600-1699\CP-1664.pdf,4,612.0,792.0,
E:\SCHEMATICai\samples\CP-1600-1699\CP-1664.pdf,5,612.0,792.0,
E:\SCHEMATICai\samples\CP-1600-1699\CP-1664.pdf,6,612.0,792.0,
E:\SCHEMATICai\samples\CP-1600-1699\CP-1665 COMPLETE.pdf,1,612.0,792.0,
E:\SCHEMATICai\samples\CP-1600-1699\CP-1665 COMPLETE.pdf,2,612.0,792.0,
E:\SCHEMATICai\samples\CP-1600-1699\CP-1665 COMPLETE.pdf,3,612.0,792.0,
E:\SCHEMATICai\samples\CP-1600-1699\CP-1665 COMPLETE.pdf,4,612.0,792.0,
E:\SCHEMATICai\samples\CP-1600-1699\CP-1665 COMPLETE.pdf,5,612.0,792.0,
E:\SCHEMATICai\samples\CP-1600-1699\CP-1665 COMPLETE.pdf,6,612.0,792.0,
E:\SCHEMATICai\samples\CP-1600-1699\CP-1666.pdf,1,612.0,792.0,
E:\SCHEMATICai\samples\CP-1600-1699\CP-1666.pdf,2,612.0,792.0,
E:\SCHEMATICai\samples\CP-1600-1699\CP-1666.pdf,3,612.0,792.0,
E:\SCHEMATICai\samples\CP-1600-1699\CP-1666.pdf,4,612.0,792.0,
E:\SCHEMATICai\samples\CP-1600-1699\CP-1666.pdf,5,612.0,792.0,
E:\SCHEMATICai\samples\CP-1600-1699\CP-1666.pdf,6,612.0,792.0,
E:\SCHEMATICai\samples\CP-1600-1699\CP-1666.pdf,7,612.0,792.0,
E:\SCHEMATICai\samples\CP-1600-1699\CP-1666.pdf,8,612.0,792.0,
E:\SCHEMATICai\samples\CP-1600-1699\CP-1667.pdf,1,612.0,792.0,
E:\SCHEMATICai\samples\CP-1600-1699\CP-1667.pdf,2,612.0,792.0,
E:\SCHEMATICai\samples\CP-1600-1699\CP-1667.pdf,3,612.0,792.0,
E:\SCHEMATICai\samples\CP-1600-1699\CP-1668.pdf,1,612.0,792.0,
E:\SCHEMATICai\samples\CP-1600-1699\CP-1668.pdf,2,612.0,792.0,
E:\SCHEMATICai\samples\CP-1600-1699\CP-1668.pdf,3,612.0,792.0,
E:\SCHEMATICai\samples\CP-1600-1699\CP-1668.pdf,4,612.0,792.0,
E:\SCHEMATICai\samples\CP-1600-1699\CP-1668.pdf,5,612.0,792.0,
E:\SCHEMATICai\samples\CP-1600-1699\CP-1668.pdf,6,612.0,792.0,
E:\SCHEMATICai\samples\CP-1600-1699\CP-1669 COMPLETE.pdf,1,612.0,792.0,
E:\SCHEMATICai\samples\CP-1600-1699\CP-1669 COMPLETE.pdf,2,612.0,792.0,
E:\SCHEMATICai\samples\CP-1600-1699\CP-1669 COMPLETE.pdf,3,612.0,792.0,
E:\SCHEMATICai\samples\CP-1600-1699\CP-1669 COMPLETE.pdf,4,612.0,792.0,
E:\SCHEMATICai\samples\CP-1600-1699\CP-1670.pdf,1,612.0,792.0,
E:\SCHEMATICai\samples\CP-1600-1699\CP-1670.pdf,2,612.0,792.0,
E:\SCHEMATICai\samples\CP-1600-1699\CP-1670.pdf,3,612.0,792.0,
E:\SCHEMATICai\samples\CP-1600-1699\CP-1670.pdf,4,612.0,792.0,
E:\SCHEMATICai\samples\CP-1600-1699\CP-1670.pdf,5,612.0,792.0,
E:\SCHEMATICai\samples\CP-1600-1699\CP-1670.pdf,6,612.0,792.0,
E:\SCHEMATICai\samples\CP-1600-1699\CP-1670.pdf,7,612.0,792.0,
E:\SCHEMATICai\samples\CP-1600-1699\CP-1670R1.pdf,1,612.0,792.0,
E:\SCHEMATICai\samples\CP-1600-1699\CP-1670R1.pdf,2,612.0,792.0,
E:\SCHEMATICai\samples\CP-1600-1699\CP-1670R1.pdf,3,612.0,792.0,
E:\SCHEMATICai\samples\CP-1600-1699\CP-1670R1.pdf,4,612.0,792.0,
E:\SCHEMATICai\samples\CP-1600-1699\CP-1670R1.pdf,5,612.0,792.0,
E:\SCHEMATICai\samples\CP-1600-1699\CP-1670R1.pdf,6,612.0,792.0,
E:\SCHEMATICai\samples\CP-1600-1699\CP-1670R1.pdf,7,612.0,792.0,
E:\SCHEMATICai\samples\CP-1600-1699\CP-1670R2.pdf,1,612.0,792.0,
E:\SCHEMATICai\samples\CP-1600-1699\CP-1670R2.pdf,2,612.0,792.0,
E:\SCHEMATICai\samples\CP-1600-1699\CP-1670R2.pdf,3,612.0,792.0,
E:\SCHEMATICai\samples\CP-1600-1699\CP-1670R2.pdf,4,612.0,792.0,
E:\SCHEMATICai\samples\CP-1600-1699\CP-1670R2.pdf,5,612.0,792.0,
E:\SCHEMATICai\samples\CP-1600-1699\CP-1670R2.pdf,6,612.0,792.0,
E:\SCHEMATICai\samples\CP-1600-1699\CP-1670R2.pdf,7,612.0,792.0,
E:\SCHEMATICai\samples\CP-1600-1699\CP-1671.pdf,1,612.0,792.0,
E:\SCHEMATICai\samples\CP-1600-1699\CP-1672.pdf,1,612.0,792.0,
E:\SCHEMATICai\samples\CP-1600-1699\CP-1673.pdf,1,612.0,792.0,
E:\SCHEMATICai\samples\CP-1600-1699\CP-1673.pdf,2,612.0,792.0,
E:\SCHEMATICai\samples\CP-1600-1699\CP-1673.pdf,3,612.0,792.0,
E:\SCHEMATICai\samples\CP-1600-1699\CP-1673.pdf,4,612.0,792.0,
E:\SCHEMATICai\samples\CP-1600-1699\CP-1674.pdf,1,612.0,792.0,
E:\SCHEMATICai\samples\CP-1600-1699\CP-1674.pdf,2,612.0,792.0,
E:\SCHEMATICai\samples\CP-1600-1699\CP-1674.pdf,3,612.0,792.0,
E:\SCHEMATICai\samples\CP-1600-1699\CP-1674.pdf,4,612.0,792.0,
E:\SCHEMATICai\samples\CP-1600-1699\CP-1674.pdf,5,612.0,792.0,
E:\SCHEMATICai\samples\CP-1600-1699\CP-1674.pdf,6,612.0,792.0,
E:\SCHEMATICai\samples\CP-1600-1699\CP-1675.pdf,1,612.0,792.0,
E:\SCHEMATICai\samples\CP-1600-1699\CP-1675.pdf,2,612.0,792.0,
E:\SCHEMATICai\samples\CP-1600-1699\CP-1675.pdf,3,612.0,792.0,
E:\SCHEMATICai\samples\CP-1600-1699\CP-1675.pdf,4,612.0,792.0,
E:\SCHEMATICai\samples\CP-1600-1699\CP-1675.pdf,5,612.0,792.0,
E:\SCHEMATICai\samples\CP-1600-1699\CP-1675.pdf,6,612.0,792.0,
E:\SCHEMATICai\samples\CP-1600-1699\CP-1676.pdf,1,612.0,792.0,
E:\SCHEMATICai\samples\CP-1600-1699\CP-1676.pdf,2,612.0,792.0,
E:\SCHEMATICai\samples\CP-1600-1699\CP-1676.pdf,3,612.0,792.0,
E:\SCHEMATICai\samples\CP-1600-1699\CP-1676.pdf,4,612.0,792.0,
E:\SCHEMATICai\samples\CP-1600-1699\CP-1676.pdf,5,612.0,792.0,
E:\SCHEMATICai\samples\CP-1600-1699\CP-1676.pdf,6,612.0,792.0,
E:\SCHEMATICai\samples\CP-1600-1699\CP-1677.pdf,1,612.0,792.0,
E:\SCHEMATICai\samples\CP-1600-1699\CP-1677.pdf,2,612.0,792.0,
E:\SCHEMATICai\samples\CP-1600-1699\CP-1677.pdf,3,612.0,792.0,
E:\SCHEMATICai\samples\CP-1600-1699\CP-1678.pdf,1,612.0,792.0,
E:\SCHEMATICai\samples\CP-1600-1699\CP-1678.pdf,2,612.0,792.0,
E:\SCHEMATICai\samples\CP-1600-1699\CP-1678.pdf,3,612.0,792.0,
E:\SCHEMATICai\samples\CP-1600-1699\CP-1678.pdf,4,612.0,792.0,
E:\SCHEMATICai\samples\CP-1600-1699\CP-1678.pdf,5,612.0,792.0,
E:\SCHEMATICai\samples\CP-1600-1699\CP-1678.pdf,6,612.0,792.0,
E:\SCHEMATICai\samples\CP-1600-1699\CP-1678.pdf,7,612.0,792.0,
E:\SCHEMATICai\samples\CP-1600-1699\CP-1679.pdf,1,612.0,792.0,
E:\SCHEMATICai\samples\CP-1600-1699\CP-1679.pdf,2,612.0,792.0,
E:\SCHEMATICai\samples\CP-1600-1699\CP-1679.pdf,3,612.0,792.0,
E:\SCHEMATICai\samples\CP-1600-1699\CP-1679.pdf,4,612.0,792.0,
E:\SCHEMATICai\samples\CP-1600-1699\CP-1679.pdf,5,612.0,792.0,
E:\SCHEMATICai\samples\CP-1600-1699\CP-1679.pdf,6,612.0,792.0,
E:\SCHEMATICai\samples\CP-1600-1699\CP-1680.pdf,1,612.0,792.0,
E:\SCHEMATICai\samples\CP-1600-1699\CP-1680.pdf,2,612.0,792.0,
E:\SCHEMATICai\samples\CP-1600-1699\CP-1680.pdf,3,612.0,792.0,
E:\SCHEMATICai\samples\CP-1600-1699\CP-1680.pdf,4,612.0,792.0,
E:\SCHEMATICai\samples\CP-1600-1699\CP-1680.pdf,5,612.0,792.0,
E:\SCHEMATICai\samples\CP-1600-1699\CP-1680.pdf,6,612.0,792.0,
E:\SCHEMATICai\samples\CP-1600-1699\CP-1680.pdf,7,612.0,792.0,
E:\SCHEMATICai\samples\CP-1600-1699\CP-1681.pdf,1,612.0,792.0,
E:\SCHEMATICai\samples\CP-1600-1699\CP-1681.pdf,2,612.0,792.0,
E:\SCHEMATICai\samples\CP-1600-1699\CP-1681.pdf,3,612.0,792.0,
E:\SCHEMATICai\samples\CP-1600-1699\CP-1682.pdf,1,612.0,792.0,
E:\SCHEMATICai\samples\CP-1600-1699\CP-1682.pdf,2,612.0,792.0,
E:\SCHEMATICai\samples\CP-1600-1699\CP-1682.pdf,3,612.0,792.0,
E:\SCHEMATICai\samples\CP-1600-1699\CP-1683.pdf,1,612.0,792.0,
E:\SCHEMATICai\samples\CP-1600-1699\CP-1683.pdf,2,612.0,792.0,
E:\SCHEMATICai\samples\CP-1600-1699\CP-1683.pdf,3,612.0,792.0,
E:\SCHEMATICai\samples\CP-1600-1699\CP-1683.pdf,4,612.0,792.0,
E:\SCHEMATICai\samples\CP-1600-1699\CP-1683.pdf,5,612.0,792.0,
E:\SCHEMATICai\samples\CP-1600-1699\CP-1683.pdf,6,612.0,792.0,
E:\SCHEMATICai\samples\CP-1600-1699\CP-1684.pdf,1,612.0,792.0,
E:\SCHEMATICai\samples\CP-1600-1699\CP-1684.pdf,2,612.0,792.0,
E:\SCHEMATICai\samples\CP-1600-1699\CP-1684.pdf,3,612.0,792.0,
E:\SCHEMATICai\samples\CP-1600-1699\CP-1684.pdf,4,612.0,792.0,
E:\SCHEMATICai\samples\CP-1600-1699\CP-1684.pdf,5,612.0,792.0,
E:\SCHEMATICai\samples\CP-1600-1699\CP-1684.pdf,6,612.0,792.0,
E:\SCHEMATICai\samples\CP-1600-1699\CP-1685.pdf,1,612.0,792.0,
E:\SCHEMATICai\samples\CP-1600-1699\CP-1685.pdf,2,612.0,792.0,
E:\SCHEMATICai\samples\CP-1600-1699\CP-1685.pdf,3,612.0,792.0,
E:\SCHEMATICai\samples\CP-1600-1699\CP-1685.pdf,4,612.0,792.0,
E:\SCHEMATICai\samples\CP-1600-1699\CP-1685.pdf,5,612.0,792.0,
E:\SCHEMATICai\samples\CP-1600-1699\CP-1685.pdf,6,612.0,792.0,
E:\SCHEMATICai\samples\CP-1600-1699\CP-1686.pdf,1,612.0,792.0,
E:\SCHEMATICai\samples\CP-1600-1699\CP-1686.pdf,2,612.0,792.0,
E:\SCHEMATICai\samples\CP-1600-1699\CP-1686.pdf,3,612.0,792.0,
E:\SCHEMATICai\samples\CP-1600-1699\CP-1686.pdf,4,612.0,792.0,
E:\SCHEMATICai\samples\CP-1600-1699\CP-1686.pdf,5,612.0,792.0,
E:\SCHEMATICai\samples\CP-1600-1699\CP-1686.pdf,6,612.0,792.0,
E:\SCHEMATICai\samples\CP-1600-1699\CP-1687.pdf,1,612.0,792.0,
E:\SCHEMATICai\samples\CP-1600-1699\CP-1687.pdf,2,612.0,792.0,
E:\SCHEMATICai\samples\CP-1600-1699\CP-1687.pdf,3,612.0,792.0,
E:\SCHEMATICai\samples\CP-1600-1699\CP-1687.pdf,4,612.0,792.0,
E:\SCHEMATICai\samples\CP-1600-1699\CP-1687.pdf,5,612.0,792.0,
E:\SCHEMATICai\samples\CP-1600-1699\CP-1687.pdf,6,612.0,792.0,
E:\SCHEMATICai\samples\CP-1600-1699\CP-1687.pdf,7,612.0,792.0,
E:\SCHEMATICai\samples\CP-1600-1699\CP-1688.pdf,1,612.0,792.0,
E:\SCHEMATICai\samples\CP-1600-1699\CP-1688.pdf,2,612.0,792.0,
E:\SCHEMATICai\samples\CP-1600-1699\CP-1688.pdf,3,612.0,792.0,
E:\SCHEMATICai\samples\CP-1600-1699\CP-1688.pdf,4,612.0,792.0,
E:\SCHEMATICai\samples\CP-1600-1699\CP-1688.pdf,5,612.0,792.0,
E:\SCHEMATICai\samples\CP-1600-1699\CP-1688.pdf,6,612.0,792.0,
E:\SCHEMATICai\samples\CP-1600-1699\CP-1689.pdf,1,612.0,792.0,
E:\SCHEMATICai\samples\CP-1600-1699\CP-1689.pdf,2,612.0,792.0,
E:\SCHEMATICai\samples\CP-1600-1699\CP-1689.pdf,3,612.0,792.0,
E:\SCHEMATICai\samples\CP-1600-1699\CP-1689.pdf,4,612.0,792.0,
E:\SCHEMATICai\samples\CP-1600-1699\CP-1689.pdf,5,612.0,792.0,
E:\SCHEMATICai\samples\CP-1600-1699\CP-1689.pdf,6,612.0,792.0,
E:\SCHEMATICai\samples\CP-1600-1699\CP-1690.pdf,1,612.0,792.0,
E:\SCHEMATICai\samples\CP-1600-1699\CP-1690.pdf,2,612.0,792.0,
E:\SCHEMATICai\samples\CP-1600-1699\CP-1690.pdf,3,612.0,792.0,
E:\SCHEMATICai\samples\CP-1600-1699\CP-1690.pdf,4,612.0,792.0,
E:\SCHEMATICai\samples\CP-1600-1699\CP-1690.pdf,5,612.0,792.0,
E:\SCHEMATICai\samples\CP-1600-1699\CP-1690.pdf,6,612.0,792.0,
E:\SCHEMATICai\samples\CP-1600-1699\CP-1690.pdf,7,612.0,792.0,
E:\SCHEMATICai\samples\CP-1600-1699\CP-1691.pdf,1,612.0,792.0,
E:\SCHEMATICai\samples\CP-1600-1699\CP-1691.pdf,2,612.0,792.0,
E:\SCHEMATICai\samples\CP-1600-1699\CP-1691.pdf,3,612.0,792.0,
E:\SCHEMATICai\samples\CP-1600-1699\CP-1691.pdf,4,612.0,792.0,
E:\SCHEMATICai\samples\CP-1600-1699\CP-1691.pdf,5,612.0,792.0,
E:\SCHEMATICai\samples\CP-1600-1699\CP-1691.pdf,6,612.0,792.0,
E:\SCHEMATICai\samples\CP-1600-1699\CP-1692.pdf,1,612.0,792.0,
E:\SCHEMATICai\samples\CP-1600-1699\CP-1692.pdf,2,612.0,792.0,
E:\SCHEMATICai\samples\CP-1600-1699\CP-1692.pdf,3,612.0,792.0,
E:\SCHEMATICai\samples\CP-1600-1699\CP-1692.pdf,4,612.0,792.0,
E:\SCHEMATICai\samples\CP-1600-1699\CP-1692.pdf,5,612.0,792.0,
E:\SCHEMATICai\samples\CP-1600-1699\CP-1692.pdf,6,612.0,792.0,
E:\SCHEMATICai\samples\CP-1600-1699\CP-1693.pdf,1,612.0,792.0,
E:\SCHEMATICai\samples\CP-1600-1699\CP-1693.pdf,2,612.0,792.0,
E:\SCHEMATICai\samples\CP-1600-1699\CP-1693.pdf,3,612.0,792.0,
E:\SCHEMATICai\samples\CP-1600-1699\CP-1693.pdf,4,612.0,792.0,
E:\SCHEMATICai\samples\CP-1600-1699\CP-1693.pdf,5,612.0,792.0,
E:\SCHEMATICai\samples\CP-1600-1699\CP-1693.pdf,6,612.0,792.0,
E:\SCHEMATICai\samples\CP-1600-1699\CP-1694.pdf,1,612.0,792.0,
E:\SCHEMATICai\samples\CP-1600-1699\CP-1694.pdf,2,612.0,792.0,
E:\SCHEMATICai\samples\CP-1600-1699\CP-1694.pdf,3,612.0,792.0,
E:\SCHEMATICai\samples\CP-1600-1699\CP-1695.pdf,1,612.0,792.0,
E:\SCHEMATICai\samples\CP-1600-1699\CP-1695.pdf,2,612.0,792.0,
E:\SCHEMATICai\samples\CP-1600-1699\CP-1695.pdf,3,612.0,792.0,
E:\SCHEMATICai\samples\CP-1600-1699\CP-1695.pdf,4,612.0,792.0,
E:\SCHEMATICai\samples\CP-1600-1699\CP-1695.pdf,5,612.0,792.0,
E:\SCHEMATICai\samples\CP-1600-1699\CP-1696.pdf,1,612.0,792.0,
E:\SCHEMATICai\samples\CP-1600-1699\CP-1696.pdf,2,612.0,792.0,
E:\SCHEMATICai\samples\CP-1600-1699\CP-1696.pdf,3,612.0,792.0,
E:\SCHEMATICai\samples\CP-1600-1699\CP-1697.pdf,1,612.0,792.0,
E:\SCHEMATICai\samples\CP-1600-1699\CP-1697.pdf,2,612.0,792.0,
E:\SCHEMATICai\samples\CP-1600-1699\CP-1697.pdf,3,612.0,792.0,
E:\SCHEMATICai\samples\CP-1600-1699\CP-1697.pdf,4,612.0,792.0,
E:\SCHEMATICai\samples\CP-1600-1699\CP-1697.pdf,5,612.0,792.0,
E:\SCHEMATICai\samples\CP-1600-1699\CP-1697.pdf,6,612.0,792.0,
E:\SCHEMATICai\samples\CP-1600-1699\CP-1697.pdf,7,612.0,792.0,
E:\SCHEMATICai\samples\CP-1600-1699\CP-1698.pdf,1,612.0,792.0,
E:\SCHEMATICai\samples\CP-1600-1699\CP-1699.pdf,1,612.0,792.0,
E:\SCHEMATICai\samples\CP-1600-1699\CP-1699.pdf,2,612.0,792.0,
E:\SCHEMATICai\samples\CP-1600-1699\CP-1699.pdf,3,612.0,792.0,
E:\SCHEMATICai\samples\CP-1600-1699\CP-1699.pdf,4,612.0,792.0,
E:\SCHEMATICai\samples\CP-1600-1699\CP-1699.pdf,5,612.0,792.0,
E:\SCHEMATICai\samples\CP-1600-1699\CP-1699.pdf,6,612.0,792.0,
E:\SCHEMATICai\samples\CP-1600-1699\CP-1699.pdf,7,612.0,792.0,
